
params <-
  list(
    currentRunUid =
      '40b70255-1c18-488f-821c-492a2835c810',
    
    openingDataStageUid =
      '00000000-0000-0000-0000-000000000000',
    
    closingDataStageUid =
      'ffffffff-ffff-ffff-ffff-ffffffffffff'
  )
